[DEBUG] Frustum slice #1:
{
    (-7.20336, 2.17042, 3.20514),
    (-7.15779, 2.17042, 3.30576),
    (-7.13929, 2.25073, 3.29738),
    (-7.18486, 2.25073, 3.19676),
    (-6.27808, 1.10709, 1.7892),
    (-5.48322, 1.10709, 3.54415),
    (-5.16054, 2.50791, 3.398),
    (-5.95541, 2.50791, 1.64305),
}
Orthographically projected into light space:
{
    (-7.20336, -0.186749, 3.86636),
    (-7.15779, -0.247119, 3.94686),
    (-7.13929, -0.17784, 3.98834),
    (-7.18486, -0.117469, 3.90785),
    (-6.27808, -0.187848, 2.09561),
    (-5.48322, -1.24082, 3.49957),
    (-5.16054, -0.0324688, 4.22315),
    (-5.95541, 1.0205, 2.81919),
}
Polygon((-7.20336, -0.186749),(-7.15779, -0.247119),(-7.13929, -0.17784),(-7.18486, -0.117469))
Polygon((-6.27808, -0.187848),(-5.48322, -1.24082),(-5.16054, -0.0324688),(-5.95541, 1.0205))
Orthographically projected into camera space:
{
    (-9.63514, 2.15492, -26.1437),
    (-9.5973, 2.12208, -26.0453),
    (-9.57822, 2.20046, -26.0265),
    (-9.61606, 2.2333, -26.1249),
    (-8.60553, 1.57093, -27.7532),
    (-7.94552, 0.998131, -26.0363),
    (-7.61273, 2.36536, -25.7081),
    (-8.27274, 2.93816, -27.425),
}
Orthographically projected into screen space:
{
    (9.39299, 3.16633, 29.1754),
    (9.34754, 3.16524, 29.1722),
    (9.32909, 3.24098, 29.1454),
    (9.37454, 3.24207, 29.1487),
    (8.47035, 2.13553, 29.4456),
    (7.67775, 2.11652, 29.3887),
    (7.356, 3.43763, 28.9222),
    (8.1486, 3.45664, 28.9792),
}
Boundaries: (-7.20336..-5.16054, -1.24082..1.0205, 2.09561..4.22315)
Light projection matrix: {
    0.979039, 0, 0, 6.05237,
    0, 0.884441, 0, 0.097429,
    0, 0, 0, 0,
    0, 0, 1, 1,
}
==== end of slice #1====
[DEBUG] Frustum slice #2:
{
    (-6.27808, 1.10709, 1.7892),
    (-5.48322, 1.10709, 3.54415),
    (-5.16054, 2.50791, 3.398),
    (-5.95541, 2.50791, 1.64305),
    (-3.50224, -2.0829, -2.45862),
    (-0.459492, -2.08291, 4.25931),
    (0.775695, 3.27945, 3.69986),
    (-2.26705, 3.27945, -3.01807),
}
Orthographically projected into light space:
{
    (-6.27808, -0.187848, 2.09561),
    (-5.48322, -1.24082, 3.49957),
    (-5.16054, -0.0324688, 4.22315),
    (-5.95541, 1.0205, 2.81919),
    (-3.50224, -0.191148, -3.21664),
    (-0.459492, -4.22191, 2.1577),
    (0.775695, 0.403646, 4.92756),
    (-2.26705, 4.4344, -0.446782),
}
Polygon((-6.27808, -0.187848),(-5.48322, -1.24082),(-5.16054, -0.0324688),(-5.95541, 1.0205))
Polygon((-3.50224, -0.191148),(-0.459492, -4.22191),(0.775695, 0.403646),(-2.26705, 4.4344))
Orthographically projected into camera space:
{
    (-8.60553, 1.57093, -27.7532),
    (-7.94552, 0.998131, -26.0363),
    (-7.61273, 2.36536, -25.7081),
    (-8.27274, 2.93816, -27.425),
    (-5.51669, -0.181043, -32.5818),
    (-2.99019, -2.3737, -26.0093),
    (-1.71627, 2.86006, -24.7529),
    (-4.24276, 5.05272, -31.3255),
}
Orthographically projected into screen space:
{
    (8.47035, 2.13553, 29.4456),
    (7.67775, 2.11652, 29.3887),
    (7.356, 3.43763, 28.9222),
    (8.1486, 3.45664, 28.9792),
    (5.70244, -0.956883, 30.2562),
    (2.66839, -1.02964, 30.0381),
    (1.43673, 4.02758, 28.2526),
    (4.47078, 4.10034, 28.4707),
}
Boundaries: (-6.27808..0.775695, -4.22191..4.4344, -3.21664..4.92756)
Light projection matrix: {
    0.283536, 0, 0, 0.780063,
    0, 0.231045, 0, -0.024548,
    0, 0, 0, 0,
    0, 0, 1, 1,
}
==== end of slice #2====
[DEBUG] Frustum slice #3:
{
    (-3.50224, -2.0829, -2.45862),
    (-0.459492, -2.08291, 4.25931),
    (0.775695, 3.27945, 3.69986),
    (-2.26705, 3.27945, -3.01807),
    (2.04945, -8.46288, -10.9543),
    (9.58796, -8.46289, 5.68964),
    (12.6482, 4.82253, 4.30358),
    (5.10966, 4.82253, -12.3403),
}
Orthographically projected into light space:
{
    (-3.50224, -0.191148, -3.21664),
    (-0.459492, -4.22191, 2.1577),
    (0.775695, 0.403646, 4.92756),
    (-2.26705, 4.4344, -0.446782),
    (2.04945, -0.197749, -13.8411),
    (9.58796, -10.1841, -0.526028),
    (12.6482, 1.27588, 6.33638),
    (5.10966, 11.2622, -6.97873),
}
Polygon((-3.50224, -0.191148),(-0.459492, -4.22191),(0.775695, 0.403646),(-2.26705, 4.4344))
Polygon((2.04945, -0.197749),(9.58796, -10.1841),(12.6482, 1.27588),(5.10966, 11.2622))
Orthographically projected into camera space:
{
    (-5.51669, -0.181043, -32.5818),
    (-2.99019, -2.3737, -26.0093),
    (-1.71627, 2.86006, -24.7529),
    (-4.24276, 5.05272, -31.3255),
    (0.660999, -3.68498, -42.2389),
    (6.92048, -9.11737, -25.9553),
    (10.0767, 3.84945, -22.8427),
    (3.81718, 9.28184, -39.1263),
}
Orthographically projected into screen space:
{
    (5.70244, -0.956883, 30.2562),
    (2.66839, -1.02964, 30.0381),
    (1.43673, 4.02758, 28.2526),
    (4.47078, 4.10034, 28.4707),
    (0.16662, -7.1417, 31.8773),
    (-7.35034, -7.32195, 31.3371),
    (-10.4018, 5.20749, 26.9134),
    (-2.88485, 5.38774, 27.4537),
}
Boundaries: (-3.50224..12.6482, -10.1841..11.2622, -13.8411..6.33638)
Light projection matrix: {
    0.123836, 0, 0, -0.566297,
    0, 0.0932561, 0, -0.0502706,
    0, 0, 0, 0,
    0, 0, 1, 1,
}
==== end of slice #3====
[DEBUG] Frustum slice #4:
{
    (2.04945, -8.46288, -10.9543),
    (9.58796, -8.46289, 5.68964),
    (12.6482, 4.82253, 4.30358),
    (5.10966, 4.82253, -12.3403),
    (11.3023, -19.0962, -25.1137),
    (26.3337, -19.0962, 8.07351),
    (32.4356, 7.39432, 5.30977),
    (17.4042, 7.39433, -27.8774),
}
Orthographically projected into light space:
{
    (2.04945, -0.197749, -13.8411),
    (9.58796, -10.1841, -0.526028),
    (12.6482, 1.27588, 6.33638),
    (5.10966, 11.2622, -6.97873),
    (11.3023, -0.208749, -31.5486),
    (26.3337, -20.1211, -4.99891),
    (32.4356, 2.72959, 8.68441),
    (17.4042, 22.6419, -17.8653),
}
Polygon((2.04945, -0.197749),(9.58796, -10.1841),(12.6482, 1.27588),(5.10966, 11.2622))
Polygon((11.3023, -0.208749),(26.3337, -20.1211),(32.4356, 2.72959),(17.4042, 22.6419))
Orthographically projected into camera space:
{
    (0.660999, -3.68498, -42.2389),
    (6.92048, -9.11737, -25.9553),
    (10.0767, 3.84945, -22.8427),
    (3.81718, 9.28184, -39.1263),
    (10.9571, -9.52488, -58.3341),
    (23.4383, -20.3568, -25.8653),
    (29.7316, 5.49844, -19.6589),
    (17.2504, 16.3304, -52.1277),
}
Orthographically projected into screen space:
{
    (0.16662, -7.1417, 31.8773),
    (-7.35034, -7.32195, 31.3371),
    (-10.4018, 5.20749, 26.9134),
    (-2.88485, 5.38774, 27.4537),
    (-9.05975, -17.4497, 34.5793),
    (-24.0482, -17.8091, 33.502),
    (-30.1327, 7.17399, 24.6814),
    (-15.1442, 7.5334, 25.7586),
}
Boundaries: (2.04945..32.4356, -20.1211..22.6419, -31.5486..8.68441)
Light projection matrix: {
    0.0658194, 0, 0, -1.13489,
    0, 0.0467694, 0, -0.0589489,
    0, 0, 0, 0,
    0, 0, 1, 1,
}
==== end of slice #4====
[DEBUG] Frustum slice #1:
{
    (-7.20336, 2.17042, 3.20514),
    (-7.15779, 2.17042, 3.30576),
    (-7.13929, 2.25073, 3.29738),
    (-7.18486, 2.25073, 3.19676),
    (-6.27808, 1.10709, 1.7892),
    (-5.48322, 1.10709, 3.54415),
    (-5.16054, 2.50791, 3.398),
    (-5.95541, 2.50791, 1.64305),
}
Orthographically projected into light space:
{
    (-7.20336, -0.186749, 3.86636),
    (-7.15779, -0.247119, 3.94686),
    (-7.13929, -0.17784, 3.98834),
    (-7.18486, -0.117469, 3.90785),
    (-6.27808, -0.187848, 2.09561),
    (-5.48322, -1.24082, 3.49957),
    (-5.16054, -0.0324688, 4.22315),
    (-5.95541, 1.0205, 2.81919),
}
Polygon((-7.20336, -0.186749),(-7.15779, -0.247119),(-7.13929, -0.17784),(-7.18486, -0.117469))
Polygon((-6.27808, -0.187848),(-5.48322, -1.24082),(-5.16054, -0.0324688),(-5.95541, 1.0205))
Orthographically projected into camera space:
{
    (-9.63514, 2.15492, -26.1437),
    (-9.5973, 2.12208, -26.0453),
    (-9.57822, 2.20046, -26.0265),
    (-9.61606, 2.2333, -26.1249),
    (-8.60553, 1.57093, -27.7532),
    (-7.94552, 0.998131, -26.0363),
    (-7.61273, 2.36536, -25.7081),
    (-8.27274, 2.93816, -27.425),
}
Orthographically projected into screen space:
{
    (9.39299, 3.16633, 29.1754),
    (9.34754, 3.16524, 29.1722),
    (9.32909, 3.24098, 29.1454),
    (9.37454, 3.24207, 29.1487),
    (8.47035, 2.13553, 29.4456),
    (7.67775, 2.11652, 29.3887),
    (7.356, 3.43763, 28.9222),
    (8.1486, 3.45664, 28.9792),
}
Boundaries: (-7.20336..-5.16054, -1.24082..1.0205, 2.09561..4.22315)
Light projection matrix: {
    0.979039, 0, 0, 6.05237,
    0, 0.884441, 0, 0.097429,
    0, 0, 0, 0,
    0, 0, 1, 1,
}
==== end of slice #1====
[DEBUG] Frustum slice #2:
{
    (-6.27808, 1.10709, 1.7892),
    (-5.48322, 1.10709, 3.54415),
    (-5.16054, 2.50791, 3.398),
    (-5.95541, 2.50791, 1.64305),
    (-3.50224, -2.0829, -2.45862),
    (-0.459492, -2.08291, 4.25931),
    (0.775695, 3.27945, 3.69986),
    (-2.26705, 3.27945, -3.01807),
}
Orthographically projected into light space:
{
    (-6.27808, -0.187848, 2.09561),
    (-5.48322, -1.24082, 3.49957),
    (-5.16054, -0.0324688, 4.22315),
    (-5.95541, 1.0205, 2.81919),
    (-3.50224, -0.191148, -3.21664),
    (-0.459492, -4.22191, 2.1577),
    (0.775695, 0.403646, 4.92756),
    (-2.26705, 4.4344, -0.446782),
}
Polygon((-6.27808, -0.187848),(-5.48322, -1.24082),(-5.16054, -0.0324688),(-5.95541, 1.0205))
Polygon((-3.50224, -0.191148),(-0.459492, -4.22191),(0.775695, 0.403646),(-2.26705, 4.4344))
Orthographically projected into camera space:
{
    (-8.60553, 1.57093, -27.7532),
    (-7.94552, 0.998131, -26.0363),
    (-7.61273, 2.36536, -25.7081),
    (-8.27274, 2.93816, -27.425),
    (-5.51669, -0.181043, -32.5818),
    (-2.99019, -2.3737, -26.0093),
    (-1.71627, 2.86006, -24.7529),
    (-4.24276, 5.05272, -31.3255),
}
Orthographically projected into screen space:
{
    (8.47035, 2.13553, 29.4456),
    (7.67775, 2.11652, 29.3887),
    (7.356, 3.43763, 28.9222),
    (8.1486, 3.45664, 28.9792),
    (5.70244, -0.956883, 30.2562),
    (2.66839, -1.02964, 30.0381),
    (1.43673, 4.02758, 28.2526),
    (4.47078, 4.10034, 28.4707),
}
Boundaries: (-6.27808..0.775695, -4.22191..4.4344, -3.21664..4.92756)
Light projection matrix: {
    0.283536, 0, 0, 0.780063,
    0, 0.231045, 0, -0.024548,
    0, 0, 0, 0,
    0, 0, 1, 1,
}
==== end of slice #2====
[DEBUG] Frustum slice #3:
{
    (-3.50224, -2.0829, -2.45862),
    (-0.459492, -2.08291, 4.25931),
    (0.775695, 3.27945, 3.69986),
    (-2.26705, 3.27945, -3.01807),
    (2.04945, -8.46288, -10.9543),
    (9.58796, -8.46289, 5.68964),
    (12.6482, 4.82253, 4.30358),
    (5.10966, 4.82253, -12.3403),
}
Orthographically projected into light space:
{
    (-3.50224, -0.191148, -3.21664),
    (-0.459492, -4.22191, 2.1577),
    (0.775695, 0.403646, 4.92756),
    (-2.26705, 4.4344, -0.446782),
    (2.04945, -0.197749, -13.8411),
    (9.58796, -10.1841, -0.526028),
    (12.6482, 1.27588, 6.33638),
    (5.10966, 11.2622, -6.97873),
}
Polygon((-3.50224, -0.191148),(-0.459492, -4.22191),(0.775695, 0.403646),(-2.26705, 4.4344))
Polygon((2.04945, -0.197749),(9.58796, -10.1841),(12.6482, 1.27588),(5.10966, 11.2622))
Orthographically projected into camera space:
{
    (-5.51669, -0.181043, -32.5818),
    (-2.99019, -2.3737, -26.0093),
    (-1.71627, 2.86006, -24.7529),
    (-4.24276, 5.05272, -31.3255),
    (0.660999, -3.68498, -42.2389),
    (6.92048, -9.11737, -25.9553),
    (10.0767, 3.84945, -22.8427),
    (3.81718, 9.28184, -39.1263),
}
Orthographically projected into screen space:
{
    (5.70244, -0.956883, 30.2562),
    (2.66839, -1.02964, 30.0381),
    (1.43673, 4.02758, 28.2526),
    (4.47078, 4.10034, 28.4707),
    (0.16662, -7.1417, 31.8773),
    (-7.35034, -7.32195, 31.3371),
    (-10.4018, 5.20749, 26.9134),
    (-2.88485, 5.38774, 27.4537),
}
Boundaries: (-3.50224..12.6482, -10.1841..11.2622, -13.8411..6.33638)
Light projection matrix: {
    0.123836, 0, 0, -0.566297,
    0, 0.0932561, 0, -0.0502706,
    0, 0, 0, 0,
    0, 0, 1, 1,
}
==== end of slice #3====
[DEBUG] Frustum slice #4:
{
    (2.04945, -8.46288, -10.9543),
    (9.58796, -8.46289, 5.68964),
    (12.6482, 4.82253, 4.30358),
    (5.10966, 4.82253, -12.3403),
    (11.3023, -19.0962, -25.1137),
    (26.3337, -19.0962, 8.07351),
    (32.4356, 7.39432, 5.30977),
    (17.4042, 7.39433, -27.8774),
}
Orthographically projected into light space:
{
    (2.04945, -0.197749, -13.8411),
    (9.58796, -10.1841, -0.526028),
    (12.6482, 1.27588, 6.33638),
    (5.10966, 11.2622, -6.97873),
    (11.3023, -0.208749, -31.5486),
    (26.3337, -20.1211, -4.99891),
    (32.4356, 2.72959, 8.68441),
    (17.4042, 22.6419, -17.8653),
}
Polygon((2.04945, -0.197749),(9.58796, -10.1841),(12.6482, 1.27588),(5.10966, 11.2622))
Polygon((11.3023, -0.208749),(26.3337, -20.1211),(32.4356, 2.72959),(17.4042, 22.6419))
Orthographically projected into camera space:
{
    (0.660999, -3.68498, -42.2389),
    (6.92048, -9.11737, -25.9553),
    (10.0767, 3.84945, -22.8427),
    (3.81718, 9.28184, -39.1263),
    (10.9571, -9.52488, -58.3341),
    (23.4383, -20.3568, -25.8653),
    (29.7316, 5.49844, -19.6589),
    (17.2504, 16.3304, -52.1277),
}
Orthographically projected into screen space:
{
    (0.16662, -7.1417, 31.8773),
    (-7.35034, -7.32195, 31.3371),
    (-10.4018, 5.20749, 26.9134),
    (-2.88485, 5.38774, 27.4537),
    (-9.05975, -17.4497, 34.5793),
    (-24.0482, -17.8091, 33.502),
    (-30.1327, 7.17399, 24.6814),
    (-15.1442, 7.5334, 25.7586),
}
Boundaries: (2.04945..32.4356, -20.1211..22.6419, -31.5486..8.68441)
Light projection matrix: {
    0.0658194, 0, 0, -1.13489,
    0, 0.0467694, 0, -0.0589489,
    0, 0, 0, 0,
    0, 0, 1, 1,
}
==== end of slice #4====